Sampling results below finished at: 2025-04-21 23:25:35.758771
Window Width : 0.0001
Channel 0 results
Counts: [24]
Avg Count: 24.0
Trial 0 timestamps: [403146767839, 403146767869, 403146767878, 403146769215, 403146769241, 403146769250, 403146770535, 403146770543, 403146770565, 403146770574, 403146772961, 403146772970, 403146772992, 403146773000, 403146774459, 403146775527, 403146775536, 403146775553, 403146775562, 403146777346, 403146778066, 403146778075, 403146778101, 403146778110]

Channel 1 results
Counts: [7]
Avg Count: 7.0
Trial 0 timestamps: [403146768460, 403146771394, 403146771403, 403146776460, 403146778540, 403146782929, 403146782937]

Channel 2 results
Counts: [26]
Avg Count: 26.0
Trial 0 timestamps: [403146767891, 403146767900, 403146767921, 403146767930, 403146770374, 403146770383, 403146770391, 403146770400, 403146770409, 403146770417, 403146770426, 403146770435, 403146770443, 403146774229, 403146774238, 403146774246, 403146774255, 403146774264, 403146775826, 403146776786, 403146776794, 403146776803, 403146776812, 403146776821, 403146776829, 403146776838]

Channel 3 results
Counts: [7]
Avg Count: 7.0
Trial 0 timestamps: [403146768716, 403146771194, 403146771203, 403146776430, 403146778978, 403146783679, 403146786076]

Channel 4 results
Counts: [26]
Avg Count: 26.0
Trial 0 timestamps: [403146767917, 403146769098, 403146769107, 403146769116, 403146769124, 403146769133, 403146770982, 403146770991, 403146771768, 403146771777, 403146772962, 403146772970, 403146774216, 403146774225, 403146774233, 403146774242, 403146774251, 403146774260, 403146774268, 403146776903, 403146776912, 403146778080, 403146778089, 403146778110, 403146778119, 403146778128]

Channel 5 results
Counts: [7]
Avg Count: 7.0
Trial 0 timestamps: [403146773157, 403146773166, 403146778106, 403146778115, 403146784466, 403146787383, 403146787391]

Channel 6 results
Counts: [27]
Avg Count: 27.0
Trial 0 timestamps: [403146767835, 403146767844, 403146767865, 403146767874, 403146767900, 403146770379, 403146770387, 403146770409, 403146770418, 403146770461, 403146771881, 403146772931, 403146772940, 403146772957, 403146772966, 403146772975, 403146772983, 403146772992, 403146775553, 403146775579, 403146775588, 403146776821, 403146776830, 403146776856, 403146778132, 403146778141, 403146778167]

Channel 7 results
Counts: [7]
Avg Count: 7.0
Trial 0 timestamps: [403146773582, 403146776070, 403146776079, 403146782707, 403146782716, 403146786176, 403146786184]

******************************************************
